6 Non Part
A, 0.0, 50.0, 48.0, 49.0, 61.0, 55.0
B, 60.0, 0.0, 51.0, 48.0, 51.0, 51.0
C, 57.0, 41.0, 0.0, 53.0, 46.0, 50.0
D, 47.0, 51.0, 66.0, 0.0, 58.0, 41.0
E, 38.0, 41.0, 44.0, 41.0, 0.0, 53.0
F, 55.0, 46.0, 44.0, 51.0, 53.0, 0.0
6 2 part 1
A, 0.0, 116.0, 109.0, 5.0, 10.0, 9.0
B, 107.0, 0.0, 124.0, 12.0, 5.0, 11.0
C, 121.0, 119.0, 0.0, 9.0, 6.0, 6.0
D, 9.0, 9.0, 6.0, 0.0, 103.0, 115.0
E, 10.0, 7.0, 15.0, 97.0, 0.0, 109.0
F, 10.0, 10.0, 13.0, 112.0, 106.0, 0.0
6 2 part 2
A, 0.0, 10.0, 7.0, 11.0, 225.0, 9.0
B, 8.0, 0.0, 215.0, 8.0, 11.0, 8.0
C, 9.0, 222.0, 0.0, 7.0, 11.0, 14.0
D, 12.0, 7.0, 9.0, 0.0, 6.0, 193.0
E, 208.0, 9.0, 9.0, 6.0, 0.0, 12.0
F, 12.0, 10.0, 14.0, 212.0, 6.0, 0.0
6 3 part 1
A, 0.0, 103.0, 113.0, 4.0, 10.0, 14.0
B, 111.0, 0.0, 94.0, 19.0, 8.0, 9.0
C, 101.0, 106.0, 0.0, 9.0, 16.0, 10.0
D, 13.0, 8.0, 8.0, 0.0, 117.0, 111.0
E, 9.0, 13.0, 11.0, 103.0, 0.0, 110.0
F, 10.0, 12.0, 7.0, 116.0, 125.0, 0.0
6 3 part 2
A, 0.0, 5.0, 3.0, 14.0, 228.0, 11.0
B, 6.0, 0.0, 12.0, 174.0, 13.0, 15.0
C, 12.0, 12.0, 0.0, 8.0, 11.0, 200.0
D, 12.0, 194.0, 10.0, 0.0, 13.0, 9.0
E, 224.0, 15.0, 15.0, 11.0, 0.0, 8.0
F, 11.0, 6.0, 228.0, 10.0, 10.0, 0.0
