7 chain 7 - not scrambled
A, 0.0, 70.0, 0.0, 0.0, 0.0, 0.0, 0.0
B, 30.0, 0.0, 57.0, 0.0, 0.0, 0.0, 0.0
C, 0.0, 36.0, 0.0, 68.0, 0.0, 0.0, 0.0
D, 0.0, 0.0, 39.0, 0.0, 51.0, 0.0, 0.0
E, 0.0, 0.0, 0.0, 35.0, 0.0, 61.0, 0.0
F, 0.0, 0.0, 0.0, 0.0, 36.0, 0.0, 53.0
G, 0.0, 0.0, 0.0, 0.0, 0.0, 34.0, 0.0
7 chain 7
A, 0.0, 0.0, 0.0, 56.0, 0.0, 0.0, 30.0
B, 0.0, 0.0, 0.0, 37.0, 0.0, 56.0, 0.0
C, 0.0, 0.0, 0.0, 0.0, 0.0, 0.0, 60.0
D, 30.0, 58.0, 0.0, 0.0, 0.0, 0.0, 0.0
E, 0.0, 0.0, 0.0, 0.0, 0.0, 35.0, 0.0
F, 0.0, 40.0, 0.0, 0.0, 65.0, 0.0, 0.0
G, 59.0, 0.0, 35.0, 0.0, 0.0, 0.0, 0.0
7 another chain 7
A, 0.0, 0.0, 40.0, 54.0, 0.0, 0.0, 0.0
B, 0.0, 0.0, 0.0, 0.0, 0.0, 60.0, 0.0
C, 53.0, 0.0, 0.0, 0.0, 37.0, 0.0, 0.0
D, 36.0, 0.0, 0.0, 0.0, 0.0, 0.0, 0.0
E, 0.0, 0.0, 64.0, 0.0, 0.0, 0.0, 31.0
F, 0.0, 35.0, 0.0, 0.0, 0.0, 0.0, 55.0
G, 0.0, 0.0, 0.0, 0.0, 52.0, 33.0, 0.0
7 chain 7 over noise - not scrambled
A, 0.0, 73.0, 17.0, 14.0, 17.0, 18.0, 17.0
B, 46.0, 0.0, 91.0, 14.0, 11.0, 13.0, 19.0
C, 15.0, 42.0, 0.0, 70.0, 20.0, 13.0, 23.0
D, 20.0, 22.0, 61.0, 0.0, 79.0, 16.0, 11.0
E, 14.0, 16.0, 22.0, 60.0, 0.0, 66.0, 12.0
F, 22.0, 13.0, 16.0, 20.0, 56.0, 0.0, 89.0
G, 17.0, 15.0, 17.0, 15.0, 20.0, 51.0, 0.0
7 chain 7 over noise
A, 0.0, 18.0, 56.0, 15.0, 17.0, 18.0, 17.0
B, 12.0, 0.0, 17.0, 13.0, 19.0, 66.0, 16.0
C, 73.0, 12.0, 0.0, 55.0, 21.0, 10.0, 25.0
D, 21.0, 14.0, 68.0, 0.0, 53.0, 17.0, 17.0
E, 17.0, 14.0, 16.0, 84.0, 0.0, 9.0, 50.0
F, 21.0, 55.0, 18.0, 19.0, 10.0, 0.0, 73.0
G, 15.0, 12.0, 16.0, 18.0, 71.0, 52.0, 0.0
7 another chain 7 over noise
A, 0.0, 14.0, 15.0, 79.0, 18.0, 53.0, 18.0
B, 16.0, 0.0, 59.0, 17.0, 14.0, 70.0, 9.0
C, 12.0, 78.0, 0.0, 11.0, 50.0, 15.0, 13.0
D, 53.0, 13.0, 10.0, 0.0, 21.0, 23.0, 21.0
E, 9.0, 21.0, 72.0, 14.0, 0.0, 20.0, 55.0
F, 79.0, 49.0, 21.0, 19.0, 17.0, 0.0, 14.0
G, 15.0, 14.0, 24.0, 17.0, 86.0, 19.0, 0.0
