7 chain + partition - clean
A, 0.0, 107.0, 50.0, 0.0, 0.0, 0.0, 0.0
B, 83.0, 0.0, 119.0, 0.0, 0.0, 0.0, 0.0
C, 50.0, 84.0, 0.0, 70.0, 0.0, 0.0, 0.0
D, 0.0, 0.0, 40.0, 0.0, 106.0, 43.0, 18.0
E, 0.0, 0.0, 0.0, 67.0, 0.0, 95.0, 27.0
F, 0.0, 0.0, 0.0, 39.0, 67.0, 0.0, 106.0
G, 0.0, 0.0, 0.0, 32.0, 32.0, 64.0, 0.0
7 chain + partition - clean+scramble
A, 0.0, 0.0, 0.0, 57.0, 71.0, 0.0, 53.0
B, 0.0, 0.0, 25.0, 36.0, 0.0, 35.0, 42.0
C, 0.0, 32.0, 0.0, 51.0, 0.0, 38.0, 66.0
D, 55.0, 65.0, 32.0, 0.0, 37.0, 0.0, 0.0
E, 121.0, 0.0, 0.0, 47.0, 0.0, 35.0, 0.0
F, 0.0, 32.0, 31.0, 0.0, 53.0, 0.0, 40.0
G, 31.0, 33.0, 92.0, 0.0, 0.0, 26.0, 0.0
7 chain + partition - scrambled chain
A, 0.0, 57.0, 42.0, 66.0, 0.0, 38.0, 0.0
B, 47.0, 0.0, 40.0, 0.0, 0.0, 0.0, 40.0
C, 41.0, 57.0, 0.0, 0.0, 63.0, 0.0, 0.0
D, 31.0, 0.0, 0.0, 0.0, 36.0, 39.0, 93.0
E, 0.0, 0.0, 33.0, 36.0, 0.0, 93.0, 36.0
F, 69.0, 0.0, 0.0, 32.0, 78.0, 0.0, 33.0
G, 0.0, 64.0, 0.0, 75.0, 31.0, 28.0, 0.0
7 chain + partition - scrambled both
A, 0.0, 0.0, 0.0, 0.0, 67.0, 34.0, 86.0
B, 0.0, 0.0, 114.0, 51.0, 0.0, 0.0, 0.0
C, 0.0, 85.0, 0.0, 51.0, 57.0, 0.0, 0.0
D, 0.0, 41.0, 38.0, 0.0, 0.0, 58.0, 33.0
E, 93.0, 0.0, 31.0, 0.0, 0.0, 43.0, 27.0
F, 30.0, 0.0, 0.0, 33.0, 30.0, 0.0, 31.0
G, 78.0, 0.0, 0.0, 60.0, 42.0, 39.0, 0.0
7 chain + partition - mixed
A, 0.0, 8.0, 4.0, 32.0, 22.0, 38.0, 102.0
B, 6.0, 0.0, 39.0, 2.0, 71.0, 36.0, 8.0
C, 5.0, 30.0, 0.0, 3.0, 2.0, 43.0, 41.0
D, 37.0, 3.0, 3.0, 0.0, 59.0, 71.0, 31.0
E, 22.0, 40.0, 6.0, 82.0, 0.0, 3.0, 27.0
F, 62.0, 51.0, 33.0, 33.0, 5.0, 0.0, 7.0
G, 59.0, 9.0, 77.0, 28.0, 28.0, 4.0, 0.0
7 chain + partition - mixed
A, 0.0, 63.0, 5.0, 35.0, 7.0, 59.0, 31.0
B, 72.0, 0.0, 6.0, 21.0, 4.0, 7.0, 54.0
C, 2.0, 4.0, 0.0, 6.0, 81.0, 33.0, 62.0
D, 29.0, 27.0, 2.0, 0.0, 4.0, 41.0, 35.0
E, 6.0, 4.0, 106.0, 5.0, 0.0, 40.0, 5.0
F, 41.0, 1.0, 35.0, 56.0, 52.0, 0.0, 3.0
G, 29.0, 80.0, 37.0, 41.0, 9.0, 4.0, 0.0
