9 one
A, 0.0, 41.0, 35.0, 46.0, 5.0, 76.0, 7.0, 39.0, 8.0
B, 38.0, 0.0, 80.0, 37.0, 5.0, 8.0, 63.0, 8.0, 5.0
C, 44.0, 96.0, 0.0, 39.0, 51.0, 4.0, 5.0, 6.0, 5.0
D, 36.0, 40.0, 45.0, 0.0, 6.0, 37.0, 7.0, 5.0, 56.0
E, 10.0, 3.0, 67.0, 11.0, 0.0, 27.0, 33.0, 34.0, 28.0
F, 41.0, 3.0, 8.0, 59.0, 30.0, 0.0, 38.0, 47.0, 35.0
G, 6.0, 36.0, 4.0, 6.0, 30.0, 34.0, 0.0, 89.0, 29.0
H, 73.0, 7.0, 6.0, 4.0, 39.0, 38.0, 62.0, 0.0, 33.0
I, 8.0, 3.0, 5.0, 40.0, 33.0, 38.0, 33.0, 32.0, 0.0
9 two
A, 0.0, 40.0, 35.0, 39.0, 15.0, 9.0, 9.0, 6.0, 47.0
B, 32.0, 0.0, 36.0, 35.0, 40.0, 15.0, 12.0, 59.0, 11.0
C, 29.0, 40.0, 0.0, 36.0, 75.0, 8.0, 50.0, 13.0, 10.0
D, 41.0, 42.0, 34.0, 0.0, 8.0, 72.0, 11.0, 44.0, 13.0
E, 8.0, 59.0, 42.0, 9.0, 0.0, 30.0, 27.0, 31.0, 24.0
F, 6.0, 9.0, 13.0, 48.0, 24.0, 0.0, 27.0, 33.0, 93.0
G, 12.0, 10.0, 77.0, 11.0, 33.0, 30.0, 0.0, 36.0, 24.0
H, 9.0, 52.0, 9.0, 67.0, 27.0, 28.0, 22.0, 0.0, 28.0
I, 74.0, 8.0, 14.0, 8.0, 25.0, 63.0, 31.0, 22.0, 0.0
9 three
A, 0.0, 63.0, 56.0, 10.0, 6.0, 72.0, 4.0, 4.0, 38.0
B, 52.0, 0.0, 55.0, 37.0, 5.0, 8.0, 64.0, 6.0, 4.0
C, 64.0, 73.0, 0.0, 7.0, 7.0, 6.0, 41.0, 71.0, 13.0
D, 3.0, 70.0, 5.0, 0.0, 74.0, 60.0, 5.0, 4.0, 4.0
E, 1.0, 4.0, 5.0, 70.0, 0.0, 86.0, 4.0, 7.0, 7.0
F, 40.0, 2.0, 4.0, 69.0, 128.0, 0.0, 5.0, 6.0, 3.0
G, 7.0, 35.0, 64.0, 6.0, 4.0, 3.0, 0.0, 47.0, 56.0
H, 6.0, 6.0, 41.0, 10.0, 8.0, 10.0, 62.0, 0.0, 108.0
I, 63.0, 9.0, 1.0, 6.0, 9.0, 6.0, 65.0, 88.0, 0.0
9 four
A, 0.0, 103.0, 60.0, 41.0, 4.0, 15.0, 13.0, 18.0, 6.0
B, 76.0, 0.0, 52.0, 12.0, 10.0, 6.0, 13.0, 74.0, 8.0
C, 39.0, 44.0, 0.0, 13.0, 68.0, 6.0, 12.0, 7.0, 46.0
D, 62.0, 8.0, 7.0, 0.0, 79.0, 41.0, 16.0, 13.0, 14.0
E, 8.0, 7.0, 55.0, 85.0, 0.0, 48.0, 10.0, 12.0, 13.0
F, 15.0, 9.0, 13.0, 36.0, 37.0, 0.0, 42.0, 13.0, 66.0
G, 11.0, 7.0, 10.0, 17.0, 12.0, 72.0, 0.0, 54.0, 40.0
H, 12.0, 41.0, 11.0, 6.0, 15.0, 8.0, 55.0, 0.0, 60.0
I, 10.0, 11.0, 61.0, 10.0, 10.0, 40.0, 48.0, 42.0, 0.0
8 one
A, 0.0, 40.0, 28.0, 41.0, 46.0, 10.0, 72.0, 3.0
B, 37.0, 0.0, 74.0, 45.0, 7.0, 4.0, 4.0, 61.0
C, 49.0, 92.0, 0.0, 36.0, 7.0, 9.0, 7.0, 11.0
D, 47.0, 45.0, 38.0, 0.0, 6.0, 38.0, 5.0, 4.0
E, 73.0, 6.0, 8.0, 10.0, 0.0, 37.0, 35.0, 71.0
F, 8.0, 5.0, 9.0, 70.0, 47.0, 0.0, 81.0, 46.0
G, 40.0, 12.0, 3.0, 5.0, 43.0, 116.0, 0.0, 40.0
H, 3.0, 45.0, 6.0, 5.0, 99.0, 42.0, 44.0, 0.0
8 two
A, 0.0, 61.0, 25.0, 39.0, 11.0, 8.0, 65.0, 12.0
B, 85.0, 0.0, 32.0, 32.0, 11.0, 9.0, 18.0, 6.0
C, 38.0, 41.0, 0.0, 31.0, 10.0, 16.0, 51.0, 77.0
D, 41.0, 47.0, 37.0, 0.0, 68.0, 40.0, 10.0, 8.0
E, 12.0, 12.0, 8.0, 41.0, 0.0, 34.0, 39.0, 36.0
F, 13.0, 13.0, 17.0, 68.0, 38.0, 0.0, 34.0, 72.0
G, 46.0, 10.0, 77.0, 13.0, 30.0, 32.0, 0.0, 37.0
H, 14.0, 14.0, 38.0, 10.0, 43.0, 82.0, 45.0, 0.0
8 three
A, 0.0, 103.0, 4.0, 3.0, 7.0, 61.0, 3.0, 49.0
B, 110.0, 0.0, 61.0, 38.0, 10.0, 7.0, 5.0, 3.0
C, 8.0, 46.0, 0.0, 111.0, 5.0, 7.0, 3.0, 71.0
D, 5.0, 60.0, 120.0, 0.0, 34.0, 9.0, 6.0, 5.0
E, 6.0, 8.0, 8.0, 70.0, 0.0, 34.0, 84.0, 52.0
F, 52.0, 4.0, 9.0, 7.0, 43.0, 0.0, 43.0, 36.0
G, 8.0, 7.0, 3.0, 5.0, 87.0, 42.0, 0.0, 41.0
H, 68.0, 5.0, 46.0, 7.0, 42.0, 45.0, 45.0, 0.0
8 four
A, 0.0, 93.0, 45.0, 12.0, 11.0, 58.0, 10.0, 11.0
B, 85.0, 0.0, 15.0, 66.0, 45.0, 6.0, 8.0, 16.0
C, 79.0, 12.0, 0.0, 88.0, 14.0, 7.0, 44.0, 7.0
D, 10.0, 43.0, 85.0, 0.0, 10.0, 9.0, 12.0, 8.0
E, 8.0, 77.0, 12.0, 22.0, 0.0, 66.0, 33.0, 45.0
F, 53.0, 18.0, 12.0, 9.0, 91.0, 0.0, 34.0, 39.0
G, 15.0, 8.0, 72.0, 11.0, 30.0, 32.0, 0.0, 68.0
H, 9.0, 9.0, 7.0, 9.0, 32.0, 37.0, 95.0, 0.0
