6 Non Part
A, 0.0, 40.0, 43.0, 49.0, 60.0, 62.0
B, 58.0, 0.0, 49.0, 58.0, 42.0, 41.0
C, 42.0, 51.0, 0.0, 50.0, 51.0, 51.0
D, 52.0, 46.0, 55.0, 0.0, 47.0, 52.0
E, 47.0, 64.0, 43.0, 46.0, 0.0, 60.0
F, 45.0, 58.0, 53.0, 47.0, 38.0, 0.0
6 2 part 1
A, 0.0, 107.0, 133.0, 6.0, 10.0, 13.0
B, 95.0, 0.0, 117.0, 13.0, 10.0, 11.0
C, 117.0, 110.0, 0.0, 6.0, 14.0, 14.0
D, 10.0, 7.0, 10.0, 0.0, 99.0, 104.0
E, 6.0, 10.0, 6.0, 121.0, 0.0, 104.0
F, 7.0, 7.0, 9.0, 108.0, 116.0, 0.0
6 2 part 2
A, 0.0, 11.0, 5.0, 5.0, 219.0, 5.0
B, 11.0, 0.0, 12.0, 207.0, 9.0, 6.0
C, 15.0, 12.0, 0.0, 7.0, 7.0, 225.0
D, 12.0, 207.0, 8.0, 0.0, 12.0, 8.0
E, 217.0, 11.0, 12.0, 9.0, 0.0, 9.0
F, 8.0, 12.0, 194.0, 12.0, 13.0, 0.0
6 3 part 1
A, 0.0, 123.0, 118.0, 7.0, 6.0, 13.0
B, 121.0, 0.0, 109.0, 12.0, 7.0, 9.0
C, 97.0, 117.0, 0.0, 15.0, 9.0, 12.0
D, 15.0, 8.0, 14.0, 0.0, 96.0, 100.0
E, 8.0, 14.0, 14.0, 110.0, 0.0, 95.0
F, 9.0, 15.0, 7.0, 130.0, 90.0, 0.0
6 3 part 2
A, 0.0, 10.0, 13.0, 10.0, 229.0, 13.0
B, 11.0, 0.0, 13.0, 16.0, 9.0, 194.0
C, 9.0, 7.0, 0.0, 214.0, 13.0, 14.0
D, 6.0, 9.0, 211.0, 0.0, 10.0, 10.0
E, 220.0, 12.0, 8.0, 5.0, 0.0, 7.0
F, 8.0, 184.0, 11.0, 12.0, 12.0, 0.0
